000000100000000000100100000100000000100100010000001010000000000000110000001000010000100000000011
000000001000000010110100110010000000100000010000100010100000000000100000010000110000110010001001
000010100010100010001110001010001000010000000100111101100010000000000001001011010100101010110001
100001001100101010000001000001011010000100001000111010000000100110100100000001000001000000010101
000001111000010001000000010010001000000000110010001000010000000010000010100101000000110000000100
000010101011000000001000000010110001001100111000001000110001001000101000001001000000000000000010
010000100100000010000000000000000000001100000100000110000101000000100000001111001000001000100001
100101000101010001100011010001000100010000000010000001000000100111000011000101101000100001000001
010000001001010010000100001011000100101110000100010000000100001001010100001000100000100000000000
010000000110100100000000000001010000001010000010010001001000000000111000101000100100100100111010
100110001000100111000000001010011011101000000010011110010000000000001001100010100000001110010100
110000001010001001101000010000010011000000000000001010011010100000100011001001100110101100000001
000000000111011000111110000000100000100000000001010101010010100000001000001001000100000010000100
000000001111001010000001101000000000000011001000001011000000000100100000000001101010000000010010
000110100000000101100000010100010001001000100001001000001010000000101111100000110000010010001000
100000001100011010110100110000010000000001000100010000001011001000000000010000001000000010110000
000000011001111000010000000000000000101100000100100001010000000010000000000110000101010110100000
001001101100100110010001010000000110001110100000010100110110101001001010000110100000000100101110
000001100100001001100000000000000010000100010000000001000101001001000010000001100100000010000000
101100001010001000000000010010000100100010001110100110000000011000010010010011000010100100000000
110000000100010110100000010010000000000000000110100000000110011010000000010000110101000001000010
011100000100000110000000100011100000110000000100001010100000000101000000011000000000101010110100
000010011010000010000000000000000000000111100000101000000000100100010011101000000000011110000001
010000000000010101101000010000100001000111000000000001100110000010000100001010110110101110000000
010000010100001010101001100001010000001110010000100100010000000101101001010011000000011011001000
000100010101001000000000010000010010010010011100011001001010011000001001001001000100000101000001
100010100000011110010001000000110000000100100000000001001000101000011100001001001000000000100011
000110000000011001000100001000000100110000000001001000001101000101111000001010000000000110101011
000001011011100001000100010100001010000010000000000010100010000000010100000100100100100100110000
000000000100100110110000100001000100100100010000000100000110011000110100010011110000010100000001
001010000100001000000110011010000100100100101100010010100000100101000111000000100010000000100111
000100010001110000001100010000101000101010000110000001100010101010001101100100010011011000000000
001000001000000101100000100010000101111000010100010100001100001100101000001000000010000100011001
000000101011000010100101000010000000000001000110100000000110000100001010001010100000101100100110
000001010100000000000000001000001110000010100010010000001000001110000101001101110001000100000000
000001000010001001100000111110000000000100000001010000000000000010000101000001100010010011100001
001010011000010111000010101000100000100000011000100000000001000101000100000000100010001001110000
001000010000000001110001000010100000100010001000000100100100001000010110000010010000001001001000
000010110000001101000100100000001100010001000000010000010000000001001000000000010111100010000001
000101100000000000010000000000000100110000001000010001001000010000011000000000110100000110010110
000011000000100010000000000100010000000100000101000111000000100100001110000001010000010100000010
000100000000101001100011100011100010011000000010000001100100000100100000010000110010000011001000
100100111000000100111000010100000000000010000101011001001100000000100000000000100000100000010001
010110001000011000000010001100000000000010100101010000100100000000000100000000010000000000000000
000010110000000000000000010000101000000000011111000001010010101100001011000000000010001110000010
011000000010000010000000001010101000000000000101100010000011001101101000001001000010011110000001
000000001101001100100100000000100011000010001000100010100000100000000000100000011000010101100010
100010000000000110000010000000000101100010000011001000111010100011000010000101100000100110000000
001101000000000000000000001000100001111000100000010000000100001011100100001000010100010000010000
010010001101011001001001010100001000000100010010100110010101000111001110000100000001000101000110
001011100000001110000001001000000000000001000101010110010110010010101000001110000000000010001000
000100101000100110100100010000000100000000000011001011000000000000100010001101100000110100100000
100100000010000000010000000100001001110101000000101101110010000000000000111000001000000001100000
001010010000110000100001010000100100000100001010100000110011001011101010000010011001000000100000
110000000100100000100000000000000001110100010000000000000100101001000000000000010000001011010010
100100101000000000000010001100101100000100000000100001000100000011010000110001000000100100100100
000000000100000001010100011001110000001011000001000110000010000000100010011010110001000000111001
010011000000110000010001101000001000010010000101000010111000100001000101001000000100001100100000
010001010010000001110001011100001000000100001000101101100000001100000000110010010101001001001101
010010100100000000010000001100000000000001000011100000000111110000101010010010000000000100000010
010000000001000110001000101100100010000011000001100001101111101001010000000001011000000001100000
000000000000000100001111001100010110001100000000100101001001000001100010000000010000000010000100
000000001000001011000000111010110100011000000001001010000000000000100001000001010010010100010000
000000011000011000011000101100110000110000000010111010000100010000101000010101000010001100001001
000110000010110000010100100100011000010001001101001001110100010011000000100110000000000001000001
001000000000010001110001100000010000011000001000101000001100000011111000000101110000000110010000
011001000100101000001101000000000000000000110101010000100100010001101000010100001000100000001000
001011000000010000010000110100001110000000010001001011000011001000000001000000000001110100000000
001110001011000100000011011000100000101100101111100011110000000101000000100000000000110010010110
010010000001001000011001001100000000010110100110000110110101000010010100100000001010010000000001
000010000000011001010110000100011000011000001001010100100110100110010100000010001101000100100100
000111100000010000010000000000000000001000000000001010000100010000000001011011000000010101010000
011001101010001010011110100001011000000001010010001000000110000100001100000011000000010000100000
011011011000100000110101010110100001000000100010000000011010000001001100110001000100100101000000
000100011000000000100001011000000001001000000001110101110001001100011000010001100100100000000001
001000110100001000001100100000000100010010000000100001001100111000010000000000000100010000100000
110011000001110001010000000100100101010001100001010000100010001000000101000101001000100000000000
100101100101110001010111001000001001101000101101000010000101001100000000000000101000001100001000
001000000100001000110000110100000110010000000010000000000101000000001100000101001001010000000000
001000001100010000000011100000101001110001000100000000100010100000000000110101000100100001010000
000110011001010001001001001101010000011110100010000000010010100101100011001010100001100000101001
101010010100001111100000000010000001110011111010001001010000001110000001001010010000010100000010
000000000000011111000101000011000010000100010111010110011011001011000000001001000001001001001001
011100110100110000000100000000010000110000000010110010010110001100010001001010101010000000000010
011110100100101000001000010001101100000000010000001010001000010110100000000001000000010100100011
001010001010000001001000001001011000000001110011010100100000000110110011010001100000101000100000
000000011000100000000101101010001001000000101011000010001001011100000100001000100000100100100000
100000111100010010000000101001000000000011100011000100000000011100010000100000110000011001000010
001100001000100000000000000000100010000001000110000100001101011000010000100100000010100101000010
001000001000000000000100000000001100011101000100010001010000000101000000010010110010101000000000
000110001100000110000001000000101001000001100000000010000101101000100100000001110000001111100000
000000001001100010000000000000000000100000000001000010000001000000001001000010000000000010000010
100000000001000011101001101000011010000000001000000101010000001100010000000101010011000010001000
000100000001000001001000111000111011000010100000000000000101001001101001000100000000010100001010
010011000000001001010000001000000000000010010000001011010001011100000001010000010010000001010000
010001100000001000000010010000100010000010010111000100000100000011000001100110001000000000100100
